image: /home/lucie01/robot_files/parkinson_foyer4.pgm
resolution: 0.050000
origin: [-263.200000, -130.400000, 0.000000]
negate: 0
occupied_thresh: 0.65
free_thresh: 0.196

