image: /home/lucie01/robot_files/level_9_map.pgm
resolution: 0.050000
origin: [-100.000, -100.000, 0.000000]
negate: 0
occupied_thresh: 0.65
free_thresh: 0.196

